[gd_scene load_steps=6 format=4 uid="uid://d1o730mqw7wvi"]

[ext_resource type="Material" uid="uid://dlfwqoyr0ed5o" path="res://mods/puggos_world/sandbox/items/character/face_11/materials/face.tres" id="1_g1xnw"]

[sub_resource type="ArrayMesh" id="ArrayMesh_npprl"]
resource_name = "face_Character_002"
_surfaces = [{
"aabb": AABB(-0.235701, 1.43097, 0.176829, 0.471402, 0.471402, 0.091663),
"attribute_data": PackedByteArray("ACAAPwAAODwAIAA/ACA+PwAgAD8AwP8+ACAAPwDAgj4AYDM/AGB3PwDgOz8AoDs/AKA+PwDA/z4A4Ds/AECIPgAgZj8A4GU/AOB3PwDgMj8AIH0/AMD/PgDgdz8AQJk+ACBmPwAAzz0AYDM/AAACPQAgAD8A4Hw/AECaPgBgdz8AwIg+AKA7PwDAgz4AwP8+AMCIPgBAiD4AANE9AOBlPwAACj0A4DI/AABIPADA/z4AAAo9AECZPgAA0T0AAM89AECaPgAAAj0="),
"bone_aabbs": [AABB(0, 0, 0, -1, -1, -1), AABB(0, 0, 0, -1, -1, -1), AABB(0, 0, 0, -1, -1, -1), AABB(0, 0, 0, -1, -1, -1), AABB(0, 0, 0, -1, -1, -1), AABB(0, 0, 0, -1, -1, -1), AABB(0, 0, 0, -1, -1, -1), AABB(0, 0, 0, -1, -1, -1), AABB(0, 0, 0, -1, -1, -1), AABB(0, 0, 0, -1, -1, -1), AABB(-0.0962246, 1.43097, 0.203687, 0.192459, 0.0100446, 0.00938441), AABB(-0.235701, 1.43097, 0.176829, 0.471402, 0.471412, 0.091663)],
"format": 34359745559,
"index_count": 96,
"index_data": PackedByteArray("DQADAAAADQAHAAMABwACAAMABwAGAAIADAAHAA0ADAALAAcACwAGAAcACwAKAAYAAgAFAAEAAgAGAAUAAQAEAA4AAQAFAAQABgAJAAUABgAKAAkABQAIAAQABQAJAAgAGAADABIAGAAAAAMAEgACABEAEgADAAIAFwASABYAFwAYABIAFgARABUAFgASABEAAgAQABEAAgABABAAAQAPABAAAQAOAA8AEQAUABUAEQAQABQAEAATABQAEAAPABMA"),
"lods": [0.0565197, PackedByteArray("DAALAA0ACwAKAA0ADQAKAAkABAAJAAgADQAJAAQADQAEAA4ADQAOAA8ADQAPABYAFgAAAA0AGAAAABYAFwAYABYAFgAPABQADwATABQAFgAUABUA")],
"material": ExtResource("1_g1xnw"),
"name": "Material",
"primitive": 3,
"skin_data": PackedByteArray("CwAAAAAAAAD//wAAAAAAAAsAAAAAAAAA//8AAAAAAAALAAAAAAAAAP//AAAAAAAACwAAAAAAAAD//wAAAAAAAAsACgAAAAAAh/t3BAAAAAALAAAAAAAAAP//AAAAAAAACwAAAAAAAAD//wAAAAAAAAsAAAAAAAAA//8AAAAAAAALAAAAAAAAAP//AAAAAAAACwAAAAAAAAD//wAAAAAAAAsAAAAAAAAA//8AAAAAAAALAAAAAAAAAP//AAAAAAAACwAAAAAAAAD//wAAAAAAAAsAAAAAAAAA//8AAAAAAAALAAoAAAAAAGr1lAoAAAAACwAKAAAAAACj+1sEAAAAAAsAAAAAAAAA//8AAAAAAAALAAAAAAAAAP//AAAAAAAACwAAAAAAAAD//wAAAAAAAAsAAAAAAAAA//8AAAAAAAALAAAAAAAAAP//AAAAAAAACwAAAAAAAAD//wAAAAAAAAsAAAAAAAAA//8AAAAAAAALAAAAAAAAAP//AAAAAAAACwAAAAAAAAD//wAAAAAAAA=="),
"uv_scale": Vector4(0, 0, 0, 0),
"vertex_count": 25,
"vertex_data": PackedByteArray("SKMis86A8z+VE1Y+GdICs54/xj/jEog+m4sNs1hV1T+3d4k+cj0YsxNr5D/iEog+WxHFPbRyuD9Gk1A+HxXnPQbkxj+wxIA+l1vxPVhV1T866YE+HhXnParG4z+wxIA+XxFFPi2zvD8lVTU+IxVnPkUEyT9pa04+nFtxPlhV1T+XE1Y+IhVnPm+m4T9oa04+XhFFPoP37T+IEjU+WhHFPf038j9na04+cqTvsuQptz9XL1o+YxHFvbRyuD9Gk1A+JxXnvQbkxj+wxIA+oVvxvVhV1T866YE+KBXnvarG4z+wxIA+YxFFvi2zvD8lVTU+JxVnvkUEyT9pa04+oFtxvlhV1T+XE1Y+KBVnvm+m4T9oa04+ZBFFvoP37T+IEjU+ZBHFvf038j9na04+/38Nqf///7//f0Jo////v/9//3////+//3+vmP///79xlIxeh//wzcSXvWv4/92xJJv/f+//ZrJrl9iU3P8NznWfnWHd/6XUv6GibuT/bqySpf9////I0oahopHq/4is+J74nt7/i6vOk6KieP9Psv9/gVj///+/jWuMXh3kw786aL1rvOMCwNpk/3/N5AbAk2jYlOHj7b+JYJ1hstbuvz9eom7c2AzAbFr/f2za/794XqKRENkJwAZh+J4W1w/AMGyiop/kQsA=")
}]
blend_shape_mode = 0

[sub_resource type="Skin" id="Skin_15cft"]
resource_name = "Skin"
bind_count = 44
bind/0/name = &"Toe_Controller_R"
bind/0/bone = -1
bind/0/pose = Transform3D(1, 0, 0, 0, 0.00675836, -0.999977, 0, 0.999977, 0.00675836, 0.120547, 0.152945, -0.00289538)
bind/1/name = &"Ankle_Controller_R"
bind/1/bone = -1
bind/1/pose = Transform3D(1, -1.35931e-14, -2.49604e-14, 4.46455e-15, 0.878216, -0.478265, 5.12287e-14, 0.478265, 0.878216, 0.120547, 0.0232248, -0.0479486)
bind/2/name = &"Ankle_IK_R"
bind/2/bone = -1
bind/2/pose = Transform3D(1, -7.22159e-08, -1.32607e-07, -2.13163e-14, -0.878216, 0.478264, -1.50996e-07, -0.478264, -0.878216, 0.120547, 0.0857318, 0.0479486)
bind/3/name = &"Toe_Controller_L"
bind/3/bone = -1
bind/3/pose = Transform3D(1, 0, 0, 0, 0.00675836, -0.999977, 0, 0.999977, 0.00675836, -0.120547, 0.152945, -0.00289538)
bind/4/name = &"Ankle_Controller_L"
bind/4/bone = -1
bind/4/pose = Transform3D(1, -1.35931e-14, -2.49604e-14, 4.46455e-15, 0.878216, -0.478265, 5.12287e-14, 0.478265, 0.878216, -0.120547, 0.0232248, -0.0479486)
bind/5/name = &"Ankle_IK_L"
bind/5/bone = -1
bind/5/pose = Transform3D(1, -7.22159e-08, -1.32607e-07, -2.13163e-14, -0.878216, 0.478264, -1.50996e-07, -0.478264, -0.878216, -0.120547, 0.0857318, 0.0479486)
bind/6/name = &"Spine_1"
bind/6/bone = -1
bind/6/pose = Transform3D(1, 0, 0, 0, 1, -5.66378e-08, 0, 7.74369e-08, 1, 0, -0.742136, 0.00122091)
bind/7/name = &"Spine_2"
bind/7/bone = -1
bind/7/pose = Transform3D(1, 0, 0, 0, 0.999865, -0.0164534, 0, 0.0164534, 0.999865, 0, -0.86331, -0.0129852)
bind/8/name = &"Spine_3"
bind/8/bone = -1
bind/8/pose = Transform3D(1, 0, 0, 0, 0.999966, -0.00825496, 0, 0.00825498, 0.999966, 0, -0.985481, -0.00490539)
bind/9/name = &"Spine_4"
bind/9/bone = -1
bind/9/pose = Transform3D(1, 0, 0, 0, 0.999966, -0.00825495, 0, 0.00825498, 0.999966, 0, -1.13524, -0.00490539)
bind/10/name = &"Spine_5"
bind/10/bone = -1
bind/10/pose = Transform3D(1, -2.53698e-10, -2.38419e-07, -1.66533e-16, 1, -0.00106406, 2.38419e-07, 0.00106409, 0.999999, -1.05332e-09, -1.29653, 0.00441794)
bind/11/name = &"Head"
bind/11/bone = -1
bind/11/pose = Transform3D(1, 4.94016e-08, -2.85186e-07, -4.67778e-08, 0.999958, 0.00919294, 2.85628e-07, -0.00919292, 0.999958, -6.84792e-08, -1.35225, 0.0182889)
bind/12/name = &"Arm_1_R"
bind/12/bone = -1
bind/12/pose = Transform3D(-0.00353972, 0.00825177, 0.99996, -0.92951, -0.368797, -0.000246971, 0.36878, -0.929473, 0.00897552, -0.00490182, 0.400804, 1.21189)
bind/13/name = &"Arm_2_R"
bind/13/bone = -1
bind/13/pose = Transform3D(-0.0260662, 0.00186316, 0.999659, -0.999644, 0.00570032, -0.0260764, -0.00574705, -0.999982, 0.0017139, -0.00216567, -0.230114, 1.21397)
bind/14/name = &"Arm_3_R"
bind/14/bone = -1
bind/14/pose = Transform3D(0.0580054, 0.00110665, 0.998316, -0.998264, 0.0102961, 0.057991, -0.0102147, -0.999946, 0.00170195, 0.0360978, -0.455446, 1.21194)
bind/15/name = &"Hand_1_R"
bind/15/bone = -1
bind/15/pose = Transform3D(-0.000865493, -0.0205313, 0.999789, -0.905467, 0.424344, 0.00793036, -0.424417, -0.905268, -0.0189577, 0.0250328, -1.09278, 0.833203)
bind/16/name = &"Thumb_1_R"
bind/16/bone = -1
bind/16/pose = Transform3D(0.375493, -0.773221, -0.511013, -0.629687, -0.617399, 0.471501, -0.680073, 0.144732, -0.718716, 1.19997, 0.292454, -0.601836)
bind/17/name = &"Thumb_2_R"
bind/17/bone = -1
bind/17/pose = Transform3D(0.0409876, -0.793264, 0.607497, -0.998855, -0.0175272, 0.0445057, -0.0246571, -0.608626, -0.793074, 0.911194, -0.690128, 0.743963)
bind/18/name = &"Finger_2_1_R"
bind/18/bone = -1
bind/18/pose = Transform3D(0.0243008, -0.999662, 0.00926404, -0.999705, -0.0243073, -0.000571105, 0.000796157, -0.00924743, -0.999957, 1.28042, -0.682864, 0.0125298)
bind/19/name = &"Finger_2_2_R"
bind/19/bone = -1
bind/19/pose = Transform3D(0.0198296, -0.999761, 0.00926357, -0.999804, -0.019835, -0.000486449, 0.000670138, -0.00925211, -0.999957, 1.27714, -0.737569, 0.0124396)
bind/20/name = &"Finger_1_1_R"
bind/20/bone = -1
bind/20/pose = Transform3D(0.0265534, -0.999604, 0.0092658, -0.999647, -0.0265603, -0.000613653, 0.000859519, -0.00924626, -0.999957, 1.28409, -0.684104, -0.0589591)
bind/21/name = &"Finger_1_2_R"
bind/21/bone = -1
bind/21/pose = Transform3D(0.0198296, -0.99976, 0.00926405, -0.999803, -0.019835, -0.000486492, 0.000670134, -0.0092526, -0.999957, 1.27916, -0.737568, -0.0590955)
bind/22/name = &"Finger_3_1_R"
bind/22/bone = -1
bind/22/pose = Transform3D(0.0265534, -0.999604, 0.0092658, -0.999647, -0.0265603, -0.000613653, 0.000859519, -0.00924626, -0.999957, 1.27991, -0.684104, 0.0891199)
bind/23/name = &"Finger_3_2_R"
bind/23/bone = -1
bind/23/pose = Transform3D(0.0198296, -0.99976, 0.00926405, -0.999803, -0.019835, -0.000486492, 0.000670134, -0.0092526, -0.999957, 1.27498, -0.737568, 0.0889834)
bind/24/name = &"Arm_1_L"
bind/24/bone = -1
bind/24/pose = Transform3D(-0.00353972, -0.00825177, -0.99996, 0.92951, -0.368797, -0.000246971, -0.36878, -0.929473, 0.00897552, 0.00490182, 0.400804, 1.21189)
bind/25/name = &"Arm_2_L"
bind/25/bone = -1
bind/25/pose = Transform3D(-0.0260662, -0.00186316, -0.999659, 0.999644, 0.00570032, -0.0260764, 0.00574705, -0.999982, 0.0017139, 0.00216567, -0.230114, 1.21397)
bind/26/name = &"Arm_3_L"
bind/26/bone = -1
bind/26/pose = Transform3D(0.0580054, -0.00110641, -0.998316, 0.998264, 0.0102961, 0.057991, 0.0102147, -0.999946, 0.00170171, -0.0360981, -0.455446, 1.21194)
bind/27/name = &"Hand_1_L"
bind/27/bone = -1
bind/27/pose = Transform3D(-0.000865459, 0.0205313, -0.999789, 0.905467, 0.424344, 0.0079304, 0.424417, -0.905268, -0.0189577, -0.0250329, -1.09278, 0.833203)
bind/28/name = &"Thumb_1_L"
bind/28/bone = -1
bind/28/pose = Transform3D(0.375493, 0.773221, 0.511012, 0.629687, -0.617399, 0.471501, 0.680073, 0.144732, -0.718716, -1.19996, 0.292454, -0.601836)
bind/29/name = &"Thumb_2_L"
bind/29/bone = -1
bind/29/pose = Transform3D(0.0409875, 0.793264, -0.607497, 0.998856, -0.0175271, 0.0445055, 0.0246571, -0.608626, -0.793074, -0.911194, -0.690128, 0.743963)
bind/30/name = &"Finger_2_1_L"
bind/30/bone = -1
bind/30/pose = Transform3D(0.0243008, 0.999662, -0.00926389, 0.999705, -0.0243073, -0.000571101, -0.000796179, -0.00924729, -0.999957, -1.28042, -0.682864, 0.0125296)
bind/31/name = &"Finger_2_2_L"
bind/31/bone = -1
bind/31/pose = Transform3D(0.0198296, 0.99976, -0.00926345, 0.999803, -0.0198351, -0.000486422, -0.000670138, -0.009252, -0.999957, -1.27714, -0.737568, 0.0124394)
bind/32/name = &"Finger_1_1_L"
bind/32/bone = -1
bind/32/pose = Transform3D(0.0265535, 0.999604, -0.00926566, 0.999647, -0.0265604, -0.000613649, -0.000859514, -0.00924612, -0.999957, -1.28409, -0.684104, -0.0589593)
bind/33/name = &"Finger_1_2_L"
bind/33/bone = -1
bind/33/pose = Transform3D(0.0198296, 0.99976, -0.00926393, 0.999803, -0.0198349, -0.000486489, -0.000670131, -0.00925248, -0.999957, -1.27916, -0.737568, -0.0590957)
bind/34/name = &"Finger_3_1_L"
bind/34/bone = -1
bind/34/pose = Transform3D(0.0265534, 0.999604, -0.00926554, 0.999647, -0.0265603, -0.000613643, -0.000859509, -0.009246, -0.999957, -1.27991, -0.684104, 0.0891195)
bind/35/name = &"Finger_3_2_L"
bind/35/bone = -1
bind/35/pose = Transform3D(0.0198296, 0.99976, -0.00926404, 0.999803, -0.019835, -0.000486486, -0.000670134, -0.0092526, -0.999957, -1.27498, -0.737568, 0.0889834)
bind/36/name = &"Leg_1_R"
bind/36/bone = -1
bind/36/pose = Transform3D(-0.999711, 0.0184596, -0.0153782, -0.0191295, -0.998821, 0.0446146, -0.0145375, 0.0448958, 0.998885, -0.121743, 0.677067, -0.028944)
bind/37/name = &"Leg_2_R"
bind/37/bone = -1
bind/37/pose = Transform3D(-0.998529, 0.0217656, -0.0496546, -0.0199937, -0.999155, -0.0359032, -0.050395, -0.0348578, 0.99812, -0.122452, 0.365272, -0.00375575)
bind/38/name = &"Leg_3_R"
bind/38/bone = -1
bind/38/pose = Transform3D(1, -4.58949e-05, 2.49685e-05, -5.26445e-05, -0.878213, 0.478268, 8.15546e-07, -0.478269, -0.878212, 0.120551, 0.0857253, 0.0479491)
bind/39/name = &"Leg_4_R"
bind/39/bone = -1
bind/39/pose = Transform3D(1, 1.50678e-07, -1.82251e-05, 1.73004e-05, -0.00972314, 0.999951, 3.42759e-08, -0.999952, -0.00972344, 0.120553, -0.053188, 0.00305334)
bind/40/name = &"Leg_1_L"
bind/40/bone = -1
bind/40/pose = Transform3D(-0.999711, -0.0184596, 0.0153782, 0.0191295, -0.998821, 0.0446146, 0.0145375, 0.0448958, 0.998885, 0.121743, 0.677067, -0.028944)
bind/41/name = &"Leg_2_L"
bind/41/bone = -1
bind/41/pose = Transform3D(-0.998529, -0.0217656, 0.0496543, 0.0199937, -0.999155, -0.0359032, 0.0503948, -0.0348578, 0.99812, 0.122452, 0.365272, -0.00375572)
bind/42/name = &"Leg_3_L"
bind/42/bone = -1
bind/42/pose = Transform3D(1, 4.58254e-05, -2.4952e-05, 5.25684e-05, -0.878214, 0.478269, -8.40039e-07, -0.478269, -0.878212, -0.120551, 0.0857253, 0.0479491)
bind/43/name = &"Leg_4_L"
bind/43/bone = -1
bind/43/pose = Transform3D(1, -1.50913e-07, 1.82251e-05, -1.72988e-05, -0.00972336, 0.999952, -4.36409e-08, -0.999953, -0.00972324, -0.120553, -0.053188, 0.00305341)

[sub_resource type="Animation" id="Animation_mdjw5"]
resource_name = "Armature|mixamo_com|Layer0"
length = 0.0333333
tracks/0/type = "rotation_3d"
tracks/0/imported = true
tracks/0/enabled = true
tracks/0/path = NodePath("Armature/Skeleton3D:Ankle_IK_R")
tracks/0/interp = 0
tracks/0/loop_wrap = true
tracks/0/keys = PackedFloat32Array(0, 1, -1, -5.3275e-16, 7.54979e-08, 1.04308e-07)
tracks/1/type = "rotation_3d"
tracks/1/imported = true
tracks/1/enabled = true
tracks/1/path = NodePath("Armature/Skeleton3D:Ankle_IK_L")
tracks/1/interp = 0
tracks/1/loop_wrap = true
tracks/1/keys = PackedFloat32Array(0, 1, -1, -5.3275e-16, 7.54979e-08, 1.04308e-07)
tracks/2/type = "rotation_3d"
tracks/2/imported = true
tracks/2/enabled = true
tracks/2/path = NodePath("Armature/Skeleton3D:Thumb_1_R")
tracks/2/interp = 1
tracks/2/loop_wrap = true
tracks/2/keys = PackedFloat32Array(0, 1, 0.0733102, -0.639536, -0.581954, 0.496939)
tracks/3/type = "rotation_3d"
tracks/3/imported = true
tracks/3/enabled = true
tracks/3/path = NodePath("Armature/Skeleton3D:Arm_1_L")
tracks/3/interp = 1
tracks/3/loop_wrap = true
tracks/3/keys = PackedFloat32Array(0, 1, 0.583939, 0.397949, -0.586009, 0.396541)
tracks/4/type = "rotation_3d"
tracks/4/imported = true
tracks/4/enabled = true
tracks/4/path = NodePath("Armature/Skeleton3D:Leg_3_R")
tracks/4/interp = 0
tracks/4/loop_wrap = true
tracks/4/keys = PackedFloat32Array(0, 1, -0.0162944, 0.9642, 0.263786, 0.0216755)
tracks/5/type = "rotation_3d"
tracks/5/imported = true
tracks/5/enabled = true
tracks/5/path = NodePath("Armature/Skeleton3D:Leg_4_R")
tracks/5/interp = 0
tracks/5/loop_wrap = true
tracks/5/keys = PackedFloat32Array(0, 1, -0.506541, -2.67143e-07, -7.69112e-07, 0.862216)
tracks/6/type = "rotation_3d"
tracks/6/imported = true
tracks/6/enabled = true
tracks/6/path = NodePath("Armature/Skeleton3D:Leg_1_L")
tracks/6/interp = 1
tracks/6/loop_wrap = true
tracks/6/keys = PackedFloat32Array(0, 1, -0.00748158, -0.0223848, -0.999677, 0.00940303)
tracks/7/type = "rotation_3d"
tracks/7/imported = true
tracks/7/enabled = true
tracks/7/path = NodePath("Armature/Skeleton3D:Leg_3_L")
tracks/7/interp = 0
tracks/7/loop_wrap = true
tracks/7/keys = PackedFloat32Array(0, 1, -0.0162944, -0.9642, -0.263786, 0.0216752)
tracks/8/type = "rotation_3d"
tracks/8/imported = true
tracks/8/enabled = true
tracks/8/path = NodePath("Armature/Skeleton3D:Leg_4_L")
tracks/8/interp = 0
tracks/8/loop_wrap = true
tracks/8/keys = PackedFloat32Array(0, 1, -0.506541, 3.98464e-07, 8.4414e-07, 0.862216)

[sub_resource type="AnimationLibrary" id="AnimationLibrary_8511b"]
_data = {
"Armature|mixamo_com|Layer0": SubResource("Animation_mdjw5")
}

[node name="Face_11" type="Node3D"]
metadata/id = 39
metadata/name = "BLEEEEAAGHHHAAGHGHHH!"
metadata/mod_type = "items"
metadata/equippable_slot = 4
metadata/icon_camera_orthographic_size = 0.5
metadata/icon_camera_position = Vector3(0, 1.65, 1)
metadata/icon_camera_rotation = Vector3(0, 0, 0)

[node name="Armature" type="Node3D" parent="."]

[node name="Skeleton3D" type="Skeleton3D" parent="Armature"]
bones/0/name = "Toe_Controller_R"
bones/0/parent = -1
bones/0/rest = Transform3D(1, 0, 0, 0, 0.00675809, 0.999977, 0, -0.999977, 0.00675809, -0.120547, 0.00186166, 0.152961)
bones/0/enabled = true
bones/0/position = Vector3(-0.120547, 0.00186166, 0.152961)
bones/0/rotation = Quaternion(-0.704713, 0, 0, 0.709492)
bones/0/scale = Vector3(1, 1, 1)
bones/1/name = "Ankle_Controller_R"
bones/1/parent = 0
bones/1/rest = Transform3D(1, -4.49034e-15, 4.11412e-14, 3.81712e-14, 0.484189, -0.874963, -1.59912e-14, 0.874963, 0.484189, 7.45058e-09, 0.0997461, -1.45519e-10)
bones/1/enabled = true
bones/1/position = Vector3(7.45058e-09, 0.0997461, -1.45519e-10)
bones/1/rotation = Quaternion(0.507844, 1.65803e-14, 1.23808e-14, 0.861449)
bones/1/scale = Vector3(1, 1, 1)
bones/2/name = "Ankle_IK_R"
bones/2/parent = 1
bones/2/rest = Transform3D(1, -1.93708e-14, -1.50996e-07, 1.66294e-14, -1, 2.38419e-07, -1.50996e-07, -2.38419e-07, -1, -1.36002e-15, 0.108957, 9.89524e-10)
bones/2/enabled = true
bones/2/position = Vector3(-1.36002e-15, 0.108957, 9.89524e-10)
bones/2/rotation = Quaternion(1, -6.85372e-16, -7.54979e-08, -1.19209e-07)
bones/2/scale = Vector3(1, 1, 1)
bones/3/name = "Toe_Controller_L"
bones/3/parent = -1
bones/3/rest = Transform3D(1, 0, 0, 0, 0.00675809, 0.999977, 0, -0.999977, 0.00675809, 0.120547, 0.00186166, 0.152961)
bones/3/enabled = true
bones/3/position = Vector3(0.120547, 0.00186166, 0.152961)
bones/3/rotation = Quaternion(-0.704713, 0, 0, 0.709492)
bones/3/scale = Vector3(1, 1, 1)
bones/4/name = "Ankle_Controller_L"
bones/4/parent = 3
bones/4/rest = Transform3D(1, -4.49034e-15, 4.11412e-14, 3.81712e-14, 0.484189, -0.874963, -1.59912e-14, 0.874963, 0.484189, -7.45058e-09, 0.0997461, -1.45519e-10)
bones/4/enabled = true
bones/4/position = Vector3(-7.45058e-09, 0.0997461, -1.45519e-10)
bones/4/rotation = Quaternion(0.507844, 1.65803e-14, 1.23808e-14, 0.861449)
bones/4/scale = Vector3(1, 1, 1)
bones/5/name = "Ankle_IK_L"
bones/5/parent = 4
bones/5/rest = Transform3D(1, -1.93708e-14, -1.50996e-07, 1.66294e-14, -1, 2.38419e-07, -1.50996e-07, -2.38419e-07, -1, -1.36002e-15, 0.108957, 9.89536e-10)
bones/5/enabled = true
bones/5/position = Vector3(-1.36002e-15, 0.108957, 9.89536e-10)
bones/5/rotation = Quaternion(1, -6.85372e-16, -7.54979e-08, -1.19209e-07)
bones/5/scale = Vector3(1, 1, 1)
bones/6/name = "Spine_1"
bones/6/parent = -1
bones/6/rest = Transform3D(1, 0, 0, 0, 1, 6.70373e-08, 0, -6.70373e-08, 1, 0, 0.742136, -0.00122097)
bones/6/enabled = true
bones/6/position = Vector3(0, 0.742136, -0.00122097)
bones/6/rotation = Quaternion(-3.35187e-08, 0, 0, 1)
bones/6/scale = Vector3(1, 1, 1)
bones/7/name = "Spine_2"
bones/7/parent = 6
bones/7/rest = Transform3D(1, 0, 0, 0, 0.999865, 0.0164533, 0, -0.0164533, 0.999865, 0, 0.121271, -7.92326e-11)
bones/7/enabled = true
bones/7/position = Vector3(0, 0.121271, -7.92326e-11)
bones/7/rotation = Quaternion(-0.00822695, 0, 0, 0.999966)
bones/7/scale = Vector3(1, 1, 1)
bones/8/name = "Spine_3"
bones/8/parent = 7
bones/8/rest = Transform3D(1, 0, 0, 0, 0.999966, -0.008199, 0, 0.008199, 0.999966, 0, 0.122098, 4.65661e-10)
bones/8/enabled = true
bones/8/position = Vector3(0, 0.122098, 4.65661e-10)
bones/8/rotation = Quaternion(0.00409953, 0, 0, 0.999992)
bones/8/scale = Vector3(1, 1, 1)
bones/9/name = "Spine_4"
bones/9/parent = 8
bones/9/rest = Transform3D(1, 0, 0, 0, 1, -4.65661e-09, 0, 4.65661e-09, 1, 0, 0.14976, 0)
bones/9/enabled = true
bones/9/position = Vector3(0, 0.14976, 0)
bones/9/rotation = Quaternion(2.32831e-09, 0, 0, 1)
bones/9/scale = Vector3(1, 1, 1)
bones/10/name = "Spine_5"
bones/10/parent = 9
bones/10/rest = Transform3D(1, -1.11022e-16, 2.38419e-07, 1.71445e-09, 0.999974, -0.00719092, -2.38413e-07, 0.00719092, 0.999974, 0, 0.161283, 0)
bones/10/enabled = true
bones/10/position = Vector3(0, 0.161283, 0)
bones/10/rotation = Quaternion(0.00359548, 1.19209e-07, 4.28615e-10, 0.999994)
bones/10/scale = Vector3(1, 1, 1)
bones/11/name = "Head"
bones/11/parent = 10
bones/11/rest = Transform3D(1, -4.92233e-08, 4.72223e-08, 4.9705e-08, 0.999947, -0.010257, -4.67149e-08, 0.010257, 0.999947, -1.23999e-17, 0.0558442, 0)
bones/11/enabled = true
bones/11/position = Vector3(-1.23999e-17, 0.0558442, 0)
bones/11/rotation = Quaternion(0.00512855, 2.34846e-08, 2.47324e-08, 0.999987)
bones/11/scale = Vector3(1, 1, 1)
bones/12/name = "Arm_1_R"
bones/12/parent = 9
bones/12/rest = Transform3D(-0.00353956, -0.92951, 0.36878, -3.18885e-06, -0.368782, -0.929516, 0.999994, -0.00329128, 0.00130236, -0.0743857, 0.139037, -0.000262828)
bones/12/enabled = true
bones/12/position = Vector3(-0.0743857, 0.139037, -0.000262828)
bones/12/rotation = Quaternion(0.583939, -0.397949, 0.586009, 0.396541)
bones/12/scale = Vector3(1, 1, 1)
bones/13/name = "Arm_2_R"
bones/13/parent = 12
bones/13/rest = Transform3D(0.999726, -0.0224898, -0.00651744, 0.0232947, 0.927083, 0.374132, -0.00237196, -0.374181, 0.927353, -2.15368e-09, 0.160005, 9.57007e-08)
bones/13/enabled = true
bones/13/position = Vector3(-2.15368e-09, 0.160005, 9.57007e-08)
bones/13/rotation = Quaternion(-0.190585, -0.00105579, 0.0116607, 0.981601)
bones/13/scale = Vector3(1, 1, 1)
bones/14/name = "Arm_3_R"
bones/14/parent = 13
bones/14/rest = Transform3D(0.996465, 0.0840112, 0.000104574, -0.0840109, 0.996455, 0.00446658, 0.000271039, -0.00445958, 0.99999, 1.62981e-09, 0.221337, -1.00827e-08)
bones/14/enabled = true
bones/14/position = Vector3(1.62981e-09, 0.221337, -1.00827e-08)
bones/14/rotation = Quaternion(-0.00223352, -4.16533e-05, -0.0420428, 0.999113)
bones/14/scale = Vector3(1, 1, 1)
bones/15/name = "Hand_1_R"
bones/15/parent = 14
bones/15/rest = Transform3D(0.998032, -0.0441354, -0.044546, 0.0586313, 0.908724, 0.41326, 0.0222406, -0.415058, 0.909523, 3.43425e-09, 0.191789, 4.53724e-09)
bones/15/enabled = true
bones/15/position = Vector3(3.43425e-09, 0.191789, 4.53724e-09)
bones/15/rotation = Quaternion(-0.212006, -0.0170938, 0.0263028, 0.976765)
bones/15/scale = Vector3(1, 1, 1)
bones/16/name = "Thumb_1_R"
bones/16/parent = 15
bones/16/rest = Transform3D(-0.495354, 0.484622, -0.720947, -0.67216, 0.31191, 0.6715, 0.550295, 0.817223, 0.171238, 0.0438188, 0.0267055, 0.0369255)
bones/16/enabled = true
bones/16/position = Vector3(0.0438188, 0.0267055, 0.0369255)
bones/16/rotation = Quaternion(-0.0733102, 0.639536, 0.581954, -0.496939)
bones/16/scale = Vector3(1, 1, 1)
bones/17/name = "Thumb_2_R"
bones/17/parent = 16
bones/17/rest = Transform3D(0.31832, -0.384254, 0.866615, 0.750386, 0.660772, 0.0173561, -0.579304, 0.644771, 0.498676, -7.45058e-08, 0.0518118, 2.6077e-08)
bones/17/enabled = true
bones/17/position = Vector3(-7.45058e-08, 0.0518118, 2.6077e-08)
bones/17/rotation = Quaternion(0.199294, 0.459286, 0.360411, 0.787046)
bones/17/scale = Vector3(1, 1, 1)
bones/18/name = "Finger_2_1_R"
bones/18/parent = 15
bones/18/rest = Transform3D(0.0297654, 0.000793293, -0.999556, -0.44613, 0.894879, -0.0125749, 0.894473, 0.446307, 0.0269904, -1.36397e-05, 0.0896975, -0.00767387)
bones/18/enabled = true
bones/18/position = Vector3(-1.36397e-05, 0.0896975, -0.00767387)
bones/18/rotation = Quaternion(0.164237, -0.677887, -0.159957, 0.698505)
bones/18/scale = Vector3(1, 1, 1)
bones/19/name = "Finger_2_2_R"
bones/19/parent = 18
bones/19/rest = Transform3D(0.99999, -0.00447236, 1.61581e-06, 0.00447236, 0.99999, 0.000126096, -2.17974e-06, -0.000126087, 1, 3.15999e-08, 0.0489839, -1.19326e-09)
bones/19/enabled = true
bones/19/position = Vector3(3.15999e-08, 0.0489839, -1.19326e-09)
bones/19/rotation = Quaternion(-6.30458e-05, 9.48892e-07, 0.00223618, 0.999997)
bones/19/scale = Vector3(1, 1, 1)
bones/20/name = "Finger_1_1_R"
bones/20/parent = 15
bones/20/rest = Transform3D(0.0297639, 0.000797004, -0.999557, -0.448146, 0.893872, -0.0126318, 0.893465, 0.448323, 0.0269623, -0.0715746, 0.093437, -0.0057948)
bones/20/enabled = true
bones/20/position = Vector3(-0.0715746, 0.093437, -0.0057948)
bones/20/rotation = Quaternion(0.165023, -0.677707, -0.160723, 0.698319)
bones/20/scale = Vector3(1, 1, 1)
bones/21/name = "Finger_1_2_R"
bones/21/parent = 20
bones/21/rest = Transform3D(0.999977, -0.00672561, 1.30487e-06, 0.00672561, 0.999977, 0.000189487, -2.57926e-06, -0.000189474, 1, -1.57801e-07, 0.0448556, -2.73576e-09)
bones/21/enabled = true
bones/21/position = Vector3(-1.57801e-07, 0.0448556, -2.73576e-09)
bones/21/rotation = Quaternion(-9.47407e-05, 9.71038e-07, 0.00336283, 0.999994)
bones/21/scale = Vector3(1, 1, 1)
bones/22/name = "Finger_3_1_R"
bones/22/parent = 15
bones/22/rest = Transform3D(0.0297639, 0.000797004, -0.999557, -0.448146, 0.893872, -0.0126318, 0.893465, 0.448323, 0.0269623, 0.076563, 0.093437, -0.00605818)
bones/22/enabled = true
bones/22/position = Vector3(0.076563, 0.093437, -0.00605818)
bones/22/rotation = Quaternion(0.165023, -0.677707, -0.160723, 0.698319)
bones/22/scale = Vector3(1, 1, 1)
bones/23/name = "Finger_3_2_R"
bones/23/parent = 22
bones/23/rest = Transform3D(0.999977, -0.00672561, 1.30487e-06, 0.00672561, 0.999977, 0.000189487, -2.57926e-06, -0.000189474, 1, -8.44593e-08, 0.0448556, -7.567e-09)
bones/23/enabled = true
bones/23/position = Vector3(-8.44593e-08, 0.0448556, -7.567e-09)
bones/23/rotation = Quaternion(-9.47407e-05, 9.71038e-07, 0.00336283, 0.999994)
bones/23/scale = Vector3(1, 1, 1)
bones/24/name = "Arm_1_L"
bones/24/parent = 9
bones/24/rest = Transform3D(-0.00353956, 0.92951, -0.36878, 3.18885e-06, -0.368782, -0.929516, -0.999994, -0.00329128, 0.00130236, 0.0743857, 0.139037, -0.000262828)
bones/24/enabled = true
bones/24/position = Vector3(0.0743857, 0.139037, -0.000262828)
bones/24/rotation = Quaternion(-0.583939, -0.397949, 0.586009, -0.396541)
bones/24/scale = Vector3(1, 1, 1)
bones/25/name = "Arm_2_L"
bones/25/parent = 24
bones/25/rest = Transform3D(0.999726, 0.0224898, 0.00651744, -0.0232947, 0.927083, 0.374132, 0.00237196, -0.374181, 0.927353, 2.15368e-09, 0.160005, 9.57007e-08)
bones/25/enabled = true
bones/25/position = Vector3(2.15368e-09, 0.160005, 9.57007e-08)
bones/25/rotation = Quaternion(-0.190585, 0.00105579, -0.0116607, 0.981601)
bones/25/scale = Vector3(1, 1, 1)
bones/26/name = "Arm_3_L"
bones/26/parent = 25
bones/26/rest = Transform3D(0.996465, -0.0840112, -0.000104336, 0.0840109, 0.996455, 0.0044666, -0.000271278, -0.00445957, 0.99999, -1.62981e-09, 0.221337, -1.00827e-08)
bones/26/enabled = true
bones/26/position = Vector3(-1.62981e-09, 0.221337, -1.00827e-08)
bones/26/rotation = Quaternion(-0.00223352, 4.17726e-05, 0.0420428, 0.999113)
bones/26/scale = Vector3(1, 1, 1)
bones/27/name = "Hand_1_L"
bones/27/parent = 26
bones/27/rest = Transform3D(0.998032, 0.0441354, 0.0445458, -0.0586313, 0.908724, 0.41326, -0.0222404, -0.415058, 0.909523, -3.20142e-09, 0.191789, -1.0569e-07)
bones/27/enabled = true
bones/27/position = Vector3(-3.20142e-09, 0.191789, -1.0569e-07)
bones/27/rotation = Quaternion(-0.212006, 0.0170937, -0.0263028, 0.976765)
bones/27/scale = Vector3(1, 1, 1)
bones/28/name = "Thumb_1_L"
bones/28/parent = 27
bones/28/rest = Transform3D(-0.495354, -0.484623, 0.720947, 0.672161, 0.31191, 0.6715, -0.550295, 0.817223, 0.171238, -0.0438187, 0.0267055, 0.0369255)
bones/28/enabled = true
bones/28/position = Vector3(-0.0438187, 0.0267055, 0.0369255)
bones/28/rotation = Quaternion(0.0733101, 0.639536, 0.581954, 0.496939)
bones/28/scale = Vector3(1, 1, 1)
bones/29/name = "Thumb_2_L"
bones/29/parent = 28
bones/29/rest = Transform3D(0.31832, 0.384254, -0.866615, -0.750386, 0.660771, 0.017356, 0.579303, 0.644771, 0.498676, 7.82311e-08, 0.0518117, 8.19564e-08)
bones/29/enabled = true
bones/29/position = Vector3(7.82311e-08, 0.0518117, 8.19564e-08)
bones/29/rotation = Quaternion(0.199294, -0.459286, -0.360411, 0.787046)
bones/29/scale = Vector3(1, 1, 1)
bones/30/name = "Finger_2_1_L"
bones/30/parent = 27
bones/30/rest = Transform3D(0.0297654, -0.000793263, 0.999556, 0.44613, 0.894879, -0.0125749, -0.894473, 0.446307, 0.0269903, 1.36391e-05, 0.0896975, -0.00767384)
bones/30/enabled = true
bones/30/position = Vector3(1.36391e-05, 0.0896975, -0.00767384)
bones/30/rotation = Quaternion(0.164237, 0.677887, 0.159957, 0.698505)
bones/30/scale = Vector3(1, 1, 1)
bones/31/name = "Finger_2_2_L"
bones/31/parent = 30
bones/31/rest = Transform3D(0.99999, 0.00447233, -1.64029e-06, -0.00447233, 0.99999, 0.000126118, 2.20432e-06, -0.00012611, 1, 1.82612e-07, 0.048984, -9.31323e-10)
bones/31/enabled = true
bones/31/position = Vector3(1.82612e-07, 0.048984, -9.31323e-10)
bones/31/rotation = Quaternion(-6.30572e-05, -9.61156e-07, -0.00223617, 0.999997)
bones/31/scale = Vector3(1, 1, 1)
bones/32/name = "Finger_1_1_L"
bones/32/parent = 27
bones/32/rest = Transform3D(0.0297637, -0.000796884, 0.999557, 0.448146, 0.893872, -0.0126318, -0.893465, 0.448323, 0.026962, 0.0715746, 0.0934371, -0.00579477)
bones/32/enabled = true
bones/32/position = Vector3(0.0715746, 0.0934371, -0.00579477)
bones/32/rotation = Quaternion(0.165023, 0.677707, 0.160723, 0.698319)
bones/32/scale = Vector3(1, 1, 1)
bones/33/name = "Finger_1_2_L"
bones/33/parent = 32
bones/33/rest = Transform3D(0.999977, 0.00672573, -1.32958e-06, -0.00672573, 0.999977, 0.000189485, 2.60397e-06, -0.000189472, 1, 1.17521e-07, 0.0448556, -1.16415e-10)
bones/33/enabled = true
bones/33/position = Vector3(1.17521e-07, 0.0448556, -1.16415e-10)
bones/33/rotation = Quaternion(-9.47399e-05, -9.83394e-07, -0.00336289, 0.999994)
bones/33/scale = Vector3(1, 1, 1)
bones/34/name = "Finger_3_1_L"
bones/34/parent = 27
bones/34/rest = Transform3D(0.0297635, -0.000796929, 0.999557, 0.448146, 0.893872, -0.0126316, -0.893465, 0.448323, 0.0269619, -0.076563, 0.0934371, -0.00605816)
bones/34/enabled = true
bones/34/position = Vector3(-0.076563, 0.0934371, -0.00605816)
bones/34/rotation = Quaternion(0.165023, 0.677707, 0.160723, 0.698319)
bones/34/scale = Vector3(1, 1, 1)
bones/35/name = "Finger_3_2_L"
bones/35/parent = 34
bones/35/rest = Transform3D(0.999977, 0.00672564, -1.56988e-06, -0.00672564, 0.999977, 0.000189483, 2.84424e-06, -0.000189469, 1, 1.27067e-07, 0.0448556, -4.19095e-09)
bones/35/enabled = true
bones/35/position = Vector3(1.27067e-07, 0.0448556, -4.19095e-09)
bones/35/rotation = Quaternion(-9.47385e-05, -1.10354e-06, -0.00336284, 0.999994)
bones/35/scale = Vector3(1, 1, 1)
bones/36/name = "Leg_1_R"
bones/36/parent = 6
bones/36/rest = Transform3D(-0.999712, -0.0191295, -0.014537, 0.0184596, -0.998821, 0.0448958, -0.0153787, 0.0446144, 0.998887, -0.109177, -0.0623207, -0.0019466)
bones/36/enabled = true
bones/36/position = Vector3(-0.109177, -0.0623207, -0.0019466)
bones/36/rotation = Quaternion(-0.00748135, 0.0223848, 0.999677, 0.0094003)
bones/36/scale = Vector3(1, 1, 1)
bones/37/name = "Leg_2_R"
bones/37/parent = 36
bones/37/rest = Transform3D(0.999406, 0.00209613, 0.0343868, -0.00485387, 0.996758, 0.0803114, -0.034107, -0.0804306, 0.996176, 1.87283e-08, 0.312686, 4.65661e-10)
bones/37/enabled = true
bones/37/position = Vector3(1.87283e-08, 0.312686, 4.65661e-10)
bones/37/rotation = Quaternion(-0.040224, 0.0171399, -0.00173917, 0.999042)
bones/37/scale = Vector3(1, 1, 1)
bones/38/name = "Leg_3_R"
bones/38/parent = 37
bones/38/rest = Transform3D(-0.998531, -0.0428109, 0.0331976, -0.0199488, 0.860302, 0.509396, -0.0503676, 0.507986, -0.859892, 1.65528e-09, 0.269502, -1.04774e-09)
bones/38/enabled = true
bones/38/position = Vector3(1.65528e-09, 0.269502, -1.04774e-09)
bones/38/rotation = Quaternion(-0.0162725, 0.9642, 0.263789, 0.021667)
bones/38/scale = Vector3(1, 1, 1)
bones/39/name = "Leg_4_R"
bones/39/parent = 38
bones/39/rest = Transform3D(1, 4.36394e-05, 4.56234e-05, -6.1096e-05, 0.486785, 0.873522, 1.59112e-05, -0.873522, 0.486785, -2.07434e-09, 0.108957, 4.1294e-09)
bones/39/enabled = true
bones/39/position = Vector3(-2.07434e-09, 0.108957, 4.1294e-09)
bones/39/rotation = Quaternion(-0.506564, 8.61521e-06, -3.03686e-05, 0.862202)
bones/39/scale = Vector3(1, 1, 1)
bones/40/name = "Leg_1_L"
bones/40/parent = 6
bones/40/rest = Transform3D(-0.999712, 0.0191295, 0.014537, -0.0184596, -0.998821, 0.0448958, 0.0153787, 0.0446144, 0.998887, 0.109177, -0.0623207, -0.0019466)
bones/40/enabled = true
bones/40/position = Vector3(0.109177, -0.0623207, -0.0019466)
bones/40/rotation = Quaternion(0.00748135, 0.0223848, 0.999677, -0.0094003)
bones/40/scale = Vector3(1, 1, 1)
bones/41/name = "Leg_2_L"
bones/41/parent = 40
bones/41/rest = Transform3D(0.999406, -0.00209613, -0.0343866, 0.00485385, 0.996758, 0.0803114, 0.0341067, -0.0804306, 0.996177, -1.87283e-08, 0.312686, 4.65661e-10)
bones/41/enabled = true
bones/41/position = Vector3(-1.87283e-08, 0.312686, 4.65661e-10)
bones/41/rotation = Quaternion(-0.040224, -0.0171397, 0.00173916, 0.999042)
bones/41/scale = Vector3(1, 1, 1)
bones/42/name = "Leg_3_L"
bones/42/parent = 41
bones/42/rest = Transform3D(-0.998531, 0.0428109, -0.0331974, 0.0199489, 0.860301, 0.509396, 0.0503674, 0.507985, -0.859892, -7.567e-10, 0.269502, -1.04774e-09)
bones/42/enabled = true
bones/42/position = Vector3(-7.567e-10, 0.269502, -1.04774e-09)
bones/42/rotation = Quaternion(0.0162725, 0.9642, 0.263789, -0.0216669)
bones/42/scale = Vector3(1, 1, 1)
bones/43/name = "Leg_4_L"
bones/43/parent = 42
bones/43/rest = Transform3D(1, -4.36221e-05, -4.55544e-05, 6.10273e-05, 0.486785, 0.873522, -1.59297e-05, -0.873522, 0.486785, 1.02359e-08, 0.108957, -1.0352e-09)
bones/43/enabled = true
bones/43/position = Vector3(1.02359e-08, 0.108957, -1.0352e-09)
bones/43/rotation = Quaternion(-0.506564, -8.58983e-06, 3.03437e-05, 0.862202)
bones/43/scale = Vector3(1, 1, 1)

[node name="Character_001" type="MeshInstance3D" parent="Armature/Skeleton3D"]
mesh = SubResource("ArrayMesh_npprl")
skin = SubResource("Skin_15cft")

[node name="AnimationPlayer" type="AnimationPlayer" parent="."]
libraries = {
"": SubResource("AnimationLibrary_8511b")
}
